53.017
0
Otimizado!
0.482000 	; 0.452000 	; 0.558000 	; 0.483000 	; 0.069
0.609000 	; 0.625000 	; 0.562000 	; 0.529000 	; 0.074
0.000000 	; 0.000000 	; 0.000000 	; 0.000000 	; 1000
0.571000 	; 0.530000 	; 0.749000 	; 0.502000 	; 0.073
0.588000 	; 0.520000 	; 0.537000 	; 0.549000 	; 0.072
0.528000 	; 0.532000 	; 0.649000 	; 0.568000 	; 0.076
0.617000 	; 0.610000 	; 0.582000 	; 0.613000 	; 0.077
0.595000 	; 0.580000 	; 0.501000 	; 0.532000 	; 0.074
0.518000 	; 0.594000 	; 0.591000 	; 0.480000 	; 0.072
0.606000 	; 0.524000 	; 0.503000 	; 0.513000 	; 0.076
0.539000 	; 0.556000 	; 0.525000 	; 0.481000 	; 0.075
0.547000 	; 0.602000 	; 0.580000 	; 0.640000 	; 0.072
0.543000 	; 0.560000 	; 0.535000 	; 0.500000 	; 0.076
0.528000 	; 0.483000 	; 0.494000 	; 0.498000 	; 0.075
0.521000 	; 0.592000 	; 0.522000 	; 0.522000 	; 0.073
0.548000 	; 0.527000 	; 0.571000 	; 0.501000 	; 0.075
0.597000 	; 0.549000 	; 0.478000 	; 0.550000 	; 0.076
0.580000 	; 0.536000 	; 0.593000 	; 0.631000 	; 0.072
0.543000 	; 0.467000 	; 0.485000 	; 0.554000 	; 0.073
0.572000 	; 0.534000 	; 0.542000 	; 0.499000 	; 0.075
0.500000 	; 0.531000 	; 0.536000 	; 0.518000 	; 0.073
0.576000 	; 0.598000 	; 0.530000 	; 0.538000 	; 0.075
0.647000 	; 0.564000 	; 0.520000 	; 0.512000 	; 0.074
0.566000 	; 0.546000 	; 0.595000 	; 0.522000 	; 0.079
0.591000 	; 0.578000 	; 0.597000 	; 0.558000 	; 0.076
0.575000 	; 0.581000 	; 0.528000 	; 0.558000 	; 0.077
0.596000 	; 0.537000 	; 0.569000 	; 0.519000 	; 0.075
0.501000 	; 0.509000 	; 0.549000 	; 0.538000 	; 0.072
0.506000 	; 0.740000 	; 0.485000 	; 0.579000 	; 0.077
0.562000 	; 0.483000 	; 0.608000 	; 0.527000 	; 0.075
0.609000 	; 0.600000 	; 0.638000 	; 0.629000 	; 0.075
0.000000 	; 0.000000 	; 0.000000 	; 0.000000 	; 1000
0.515000 	; 0.496000 	; 0.582000 	; 0.601000 	; 0.071
0.000000 	; 0.000000 	; 0.000000 	; 0.000000 	; 1000
0.503000 	; 0.539000 	; 0.507000 	; 0.557000 	; 0.073
0.557000 	; 0.439000 	; 0.514000 	; 0.523000 	; 0.071
0.513000 	; 0.504000 	; 0.535000 	; 0.549000 	; 0.072
0.510000 	; 0.564000 	; 0.592000 	; 0.488000 	; 0.07
0.458000 	; 0.492000 	; 0.504000 	; 0.465000 	; 0.073
0.526000 	; 0.486000 	; 0.509000 	; 0.468000 	; 0.071
0.596000 	; 0.501000 	; 0.534000 	; 0.481000 	; 0.071
Normal
0.483; 0
0.529; 0
0; 20
0.502; 0
0.549; 0
0.568; 0
0.613; 0
0.532; 0
0.48; 0
0.513; 0
0.481; 0
0.64; 0
0.5; 0
0.498; 0
0.522; 0
0.501; 0
0.55; 0
0.631; 0
0.554; 0
0.499; 0
0.518; 0
0.538; 0
0.512; 0
0.522; 0
0.558; 0
0.558; 0
0.519; 0
0.538; 0
0.579; 0
0.527; 0
0.629; 0
0; 20
0.601; 0
0; 20
0.557; 0
0.523; 0
0.549; 0
0.488; 0
0.465; 0
0.468; 0
0.481; 0
